baseMean	log2FoldChange	lfcSE	stat	pvalue	padj
FBgn0003892	273.650858940795	4.22489167801591	0.748709288961954	5.64290004184869	1.67209434203519e-08	3.04878535031083e-05
FBgn0003961	718.730743284043	3.68326480073617	0.722672951426683	5.0967243114119	3.45581026526622e-07	0.000472582053775155
FBgn0031523	148.98239886426	3.2679796419709	0.742188225063946	4.40316826865495	1.06681357069062e-05	0.00680675265212847
FBgn0032049	241.050037802806	5.13852162101445	0.668717526285134	7.68414378124649	1.54023606280711e-14	8.42509126355492e-11
FBgn0032235	73.7391147520904	3.73481514906243	0.754057228824972	4.95295981033468	7.30930754341963e-07	0.000799638245250107
FBgn0032505	107.722750765249	4.08443972447685	0.710725067842802	5.74686318139019	9.09142342257462e-09	2.48650430607416e-05
FBgn0032913	702.593594885596	3.12529718041409	0.71148858967721	4.39261743021345	1.11994102137397e-05	0.00680675265212847
FBgn0033354	143.433506890372	3.41694304832748	0.737368530292016	4.63396918630944	3.5872041293664e-06	0.00327033443127237
FBgn0035343	225.528304796664	3.32562295524925	0.737523134797493	4.50917781197792	6.50793470713763e-06	0.00508548612114897
